--------------- COLORACAO EM LARGURA --------------

--------------- RESULTADOS N = 2 --------------
1 2 0 3
0 3 1 2
2 0 3 1
3 1 2 0
--------------- RESULTADOS N = 3--------------
5 1 2 3 4 7 6 8 0
7 0 4 2 8 6 5 3 1
3 6 8 0 5 1 2 4 7
1 8 0 5 2 8 4 7 3
2 7 3 1 6 4 0 5 8
4 5 6 7 3 0 1 2 6
6 2 1 4 7 3 8 0 5
8 4 5 6 1 7 7 3 2
0 3 7 8 0 2 9 1 4
--------------- RESULTADOS N = 4 --------------
0 2 3 5 16 1 6 7 9 4 8 11 13 10 14 15
4 7 8 9 0 15 3 5 1 14 13 12 6 2 11 8
1 10 11 13 8 14 4 9 0 15 5 7 15 3 12 12
6 12 14 15 10 2 11 13 3 2 6 10 9 0 4 5
2 15 0 8 13 3 1 10 4 11 14 5 12 7 6 9
3 1 6 10 12 4 9 15 2 7 3 13 14 5 8 0
7 4 9 11 14 5 2 8 6 12 15 0 11 13 10 3
12 5 13 14 15 6 7 11 8 9 1 10 2 4 15 1
5 3 10 0 1 7 12 14 11 0 4 2 8 9 13 6
8 6 15 2 11 9 13 3 5 10 12 14 1 1 0 7
9 11 4 1 2 8 15 2 7 13 0 3 10 12 5 14
14 13 7 12 4 10 0 6 15 6 1 8 3 11 2 4
10 8 12 3 9 11 5 4 13 1 0 6 7 14 7 2
11 9 5 4 7 12 10 1 14 0 2 15 0 8 3 13
13 14 1 6 3 0 8 0 10 5 7 9 4 15 1 11
15 0 2 7 6 13 14 15 12 3 11 4 5 6 9 10
--------------- RESULTADOS N = 5 --------------
0 1 2 3 4 5 6 7 8 10 11 12 14 15 16 18 19 21 20 22 17 24 13 23 9
5 11 10 12 20 23 24 9 22 13 0 17 19 7 8 4 6 14 15 16 1 18 3 2 4
6 13 14 15 16 1 11 12 17 18 4 5 9 10 22 0 3 23 7 24 25 8 21 19 20
8 17 18 19 21 2 14 15 16 20 1 13 23 24 3 5 9 10 11 12 0 6 7 22 5
9 22 23 24 7 3 19 21 0 4 2 18 20 6 6 8 17 13 1 2 16 10 11 14 12
22 20 24 21 0 7 15 5 23 5 3 10 1 8 14 6 4 9 13 17 12 19 16 11 18
2 5 1 10 11 8 16 17 14 19 7 22 15 21 0 3 12 18 24 20 6 9 23 13 2
3 6 12 16 19 9 1 11 18 0 5 2 24 13 23 7 8 15 21 10 4 14 20 17 22
7 9 13 17 23 6 2 22 24 6 20 4 11 12 18 16 0 19 5 14 21 15 10 8 3
4 14 15 18 8 10 3 13 12 21 6 9 16 17 19 2 1 11 22 23 7 0 5 24 1
10 2 19 1 15 0 5 20 3 17 8 6 25 23 7 9 13 22 12 4 11 16 24 18 21
11 3 9 5 18 19 7 16 1 22 12 15 2 20 17 10 14 24 23 21 8 4 0 6 13
13 4 6 14 22 11 8 18 2 23 19 24 21 1 10 15 20 16 3 5 9 7 17 12 5
21 7 16 20 24 12 9 6 15 4 13 11 5 22 14 17 2 8 18 1 23 3 19 10 10
12 8 17 23 0 13 10 14 21 24 9 16 4 18 4 11 7 6 19 0 15 22 1 20 14
14 12 22 2 1 15 4 24 5 3 10 8 18 25 11 13 23 7 6 19 20 17 9 21 0
15 19 20 6 3 14 12 10 9 16 17 7 13 2 24 21 11 1 8 18 22 5 2 4 23
16 21 11 8 5 17 13 23 6 1 14 19 12 4 20 22 10 2 9 3 18 1 15 7 24
17 23 4 9 10 18 20 19 7 8 15 21 22 5 1 12 24 0 16 0 13 11 14 3 6
18 24 7 13 20 21 22 0 11 2 23 0 0 9 6 14 15 20 17 0 10 12 8 16 19
24 10 8 22 2 16 17 1 13 11 18 20 7 19 9 23 21 12 14 6 2 2 6 15 11
19 15 21 4 6 20 18 2 10 12 16 1 8 11 13 24 22 17 10 9 14 23 0 0 7
20 16 3 11 12 22 21 3 19 7 24 23 10 0 15 1 18 3 2 8 3 13 4 1 17
23 18 5 7 9 24 0 4 4 15 21 14 17 2 12 19 16 4 4 11 5 20 22 5 8
1 0 0 0 13 25 23 8 9 14 22 3 3 3 5 20 5 5 0 15 24 21 12 9 16






--------------- WELSH POWELL -----------------
--------------- RESULTADOS N = 2--------------
3 0 1 0
0 2 1 2
1 3 0 3
2 0 3 1
--------------- RESULTADOS N = 3 --------------
2 7 5 3 0 7 1 6 4
0 8 3 6 4 1 5 7 2
6 4 2 5 8 2 1 3 0
5 6 8 2 7 3 4 0 1
4 2 0 1 6 8 7 5 3
3 7 1 0 5 4 8 2 6
5 5 6 4 3 1 2 8 7
1 3 2 8 0 5 6 4 0
8 0 7 7 2 6 9 1 5
--------------- RESULTADOS N = 4 --------------
10 9 14 2 16 7 12 1 3 4 8 3 13 15 0 6
7 13 4 12 5 15 8 11 6 10 0 2 9 3 14 1
1 0 6 3 10 6 13 13 7 15 14 9 4 5 12 11
11 8 8 15 9 3 14 6 1 12 0 5 8 7 2 10
8 7 2 6 3 10 1 12 14 5 15 0 11 4 13 9
15 10 3 11 13 2 9 4 12 1 3 6 5 14 7 8
4 1 0 14 11 5 15 8 2 13 9 8 6 10 3 12
12 5 13 9 6 8 7 14 11 3 4 10 1 0 15 2
13 15 5 10 7 14 2 9 3 6 12 1 10 11 8 0
9 2 12 7 8 0 11 5 10 14 13 4 3 1 6 15
6 3 3 4 1 13 10 15 8 0 7 11 2 12 9 14
14 11 8 0 4 12 6 3 5 9 2 15 1 13 5 7
3 6 15 8 2 11 5 0 4 7 1 12 14 9 10 13
0 4 11 13 15 6 3 2 9 2 10 14 12 8 1 5
5 14 1 10 12 4 1 7 13 8 6 3 0 2 11 9
2 12 7 8 14 9 8 10 0 11 5 13 15 6 4 3
